# unix_time, cycles_done, cur_path, paths_total, pending_total, pending_favs, map_size, unique_crashes, unique_hangs, max_depth, execs_per_sec
1520903607, 0, 0, 1, 1, 1, 0.10%, 0, 0, 1, 0.00
1520903612, 0, 0, 10, 10, 1, 0.10%, 5, 0, 2, 2504.22
1520903617, 0, 0, 12, 12, 1, 0.10%, 5, 0, 2, 2697.09
1520903623, 0, 0, 17, 17, 1, 0.10%, 5, 0, 2, 2659.46
1520903628, 0, 0, 17, 17, 1, 0.10%, 7, 0, 2, 2595.30
1520903638, 0, 0, 17, 17, 1, 0.10%, 8, 0, 2, 2766.52
1520903648, 0, 0, 17, 17, 1, 0.10%, 9, 0, 2, 2824.79
1520903668, 0, 0, 22, 22, 1, 0.10%, 10, 0, 2, 2801.79
1520903881, 0, 0, 23, 23, 1, 0.10%, 10, 0, 2, 3554.36
1520903886, 0, 0, 24, 24, 1, 0.10%, 10, 0, 2, 3411.90
1520903921, 0, 0, 28, 28, 1, 0.10%, 10, 0, 2, 3167.77
1520903926, 0, 0, 33, 33, 1, 0.10%, 10, 0, 2, 3086.20
1520903936, 0, 0, 42, 42, 1, 0.10%, 13, 0, 2, 3433.78
1520903941, 0, 0, 44, 44, 1, 0.10%, 13, 0, 2, 3713.14
1520903946, 0, 18, 44, 43, 3, 0.10%, 13, 0, 2, 3138.94
1520904261, 0, 20, 44, 42, 2, 0.10%, 13, 0, 2, 3023.45
1520904580, 0, 42, 46, 43, 1, 0.10%, 13, 0, 3, 2985.26
1520904586, 0, 42, 47, 44, 1, 0.10%, 13, 0, 3, 2950.56
1520904591, 0, 42, 48, 45, 1, 0.10%, 13, 0, 3, 2943.85
1520904631, 0, 42, 49, 46, 1, 0.10%, 13, 0, 3, 3006.72
1520904697, 0, 42, 50, 47, 1, 0.10%, 13, 0, 3, 2974.49
1520904737, 0, 42, 51, 48, 1, 0.10%, 13, 0, 3, 3017.61
1520904834, 0, 42, 52, 49, 1, 0.10%, 13, 0, 3, 3325.69
1520904844, 0, 42, 54, 51, 1, 0.10%, 13, 0, 3, 3165.57
1520904849, 0, 42, 55, 52, 1, 0.10%, 13, 0, 3, 3194.40
1520904854, 0, 42, 56, 53, 1, 0.10%, 13, 0, 3, 3127.45
1520904859, 0, 52, 57, 53, 1, 0.10%, 13, 0, 3, 3089.78
1520904864, 0, 52, 58, 54, 1, 0.10%, 13, 0, 4, 2999.79
1520904869, 0, 52, 59, 55, 1, 0.10%, 13, 0, 4, 2966.84
1520905082, 0, 52, 60, 56, 1, 0.10%, 13, 0, 4, 3638.68
1520905112, 0, 52, 62, 58, 1, 0.10%, 13, 0, 4, 3238.78
1520905117, 0, 52, 63, 59, 1, 0.10%, 13, 0, 4, 3181.21
1520905122, 0, 52, 65, 61, 1, 0.10%, 13, 0, 4, 3125.95
1520905127, 0, 52, 74, 70, 1, 0.10%, 13, 0, 4, 3709.15
1520905132, 0, 70, 76, 71, 1, 0.10%, 13, 0, 4, 3566.80
1520905137, 0, 70, 77, 72, 1, 0.10%, 13, 0, 5, 3207.93
1520905350, 0, 70, 78, 73, 1, 0.10%, 13, 0, 5, 3291.51
1520905355, 0, 70, 79, 74, 1, 0.10%, 13, 0, 5, 3241.76
1520905360, 0, 70, 80, 75, 1, 0.10%, 13, 0, 5, 3187.24
1520905366, 0, 79, 80, 74, 1, 0.10%, 13, 0, 5, 3152.48
1520905595, 1, 8, 80, 73, 0, 0.10%, 13, 0, 5, 3090.40
1520905924, 1, 10, 81, 73, 0, 0.10%, 13, 0, 5, 2943.17
1520906248, 1, 19, 81, 72, 0, 0.10%, 13, 0, 5, 2919.47
1520906578, 1, 29, 81, 71, 0, 0.10%, 13, 0, 5, 2958.65
1520906907, 1, 31, 81, 70, 0, 0.10%, 13, 0, 5, 2977.25
1520907236, 1, 32, 81, 69, 0, 0.10%, 13, 0, 5, 2932.54
1520907566, 1, 36, 81, 68, 0, 0.10%, 13, 0, 5, 2975.87
1520907870, 1, 40, 81, 67, 0, 0.10%, 13, 0, 5, 2807.16
1520908143, 1, 41, 81, 66, 0, 0.10%, 13, 0, 5, 3016.21
1520908428, 1, 45, 81, 65, 0, 0.10%, 13, 0, 5, 2973.08
1520908723, 1, 46, 81, 64, 0, 0.10%, 13, 0, 5, 3022.67
1520909017, 1, 58, 81, 63, 0, 0.10%, 13, 0, 5, 3093.84
1520909306, 1, 60, 81, 62, 0, 0.10%, 13, 0, 5, 3048.04
1520909600, 1, 61, 81, 61, 0, 0.10%, 13, 0, 5, 2789.56
1520909899, 1, 62, 81, 60, 0, 0.10%, 13, 0, 5, 2873.69
1520910177, 1, 64, 81, 59, 0, 0.10%, 13, 0, 5, 3166.32
1520910445, 1, 64, 82, 60, 0, 0.10%, 13, 0, 5, 3331.65
1520910450, 1, 65, 82, 59, 0, 0.10%, 13, 0, 5, 3090.22
1520910714, 1, 71, 82, 58, 0, 0.10%, 13, 0, 5, 3185.02
1520910956, 2, 12, 82, 57, 0, 0.10%, 13, 0, 5, 3123.16
1520911287, 2, 12, 89, 64, 0, 0.11%, 13, 0, 5, 3009.05
1520911292, 2, 12, 105, 80, 0, 0.11%, 13, 0, 5, 3744.54
1520911297, 2, 30, 105, 79, 5, 0.11%, 13, 0, 5, 3444.13
1520911632, 2, 87, 105, 77, 4, 0.11%, 13, 0, 5, 4088.40
1520911652, 2, 103, 105, 76, 1, 0.11%, 13, 0, 5, 4553.78
1520911657, 2, 104, 105, 75, 0, 0.11%, 13, 0, 5, 4442.04
1520911677, 3, 3, 105, 74, 0, 0.11%, 13, 0, 5, 3581.70
1520912011, 3, 5, 105, 73, 0, 0.11%, 13, 0, 5, 2993.44
1520912361, 3, 6, 105, 72, 0, 0.11%, 13, 0, 5, 2927.54
